----------------------------
    16|    15|    14|    13|
   \  |      |      |      |
----------------------------
     9| \  10|    11|    12|
      |   \  |      | o    |
----------------------------
     8|     7| \ o 6|     5|
      |      | o    |      |
----------------------------
     1|   o 2|     3|     4|
 1    | o    |      |      |
----------------------------


21 22 23 24 25
20 19 18 17 16
11 12 13 14 15
10 9  8  7  6 
1  2  3  4  5


36 35 34 33 32 31
25 26 27 28 29 30
24 23 22 21 20 19
13 14 15 16 17 18
12 11 10 9  8  7 
1  2  3  4  5  6